0
0
0
0
0
0
0
0
0
0
0
0
0
0
0
0
0
0
0
0
0
0
0
0
0
0
0
0
0
0
0
0
0
0
0
0
0
0
0
0
0
0
0
0
0
0
0
0
0
0
0
0
0
0
0
0
0
0
0
0
0
0
0
0
0
0
0
0
0
0
0
4
2
2
2
2
2
2
2
2
0
0
0
0
0
0
0
0
0
0
0
3
0
0
0
0
0
0
0
0
0
0
4
2
2
2
2
2
5
0
0
3
0
0
0
0
0
0
0
0
0
0
3
0
0
0
0
0
3
0
0
3
0
0
0
0
0
0
0
0
0
0
3
0
0
0
0
0
3
0
0
3
0
0
0
0
0
0
0
0
0
0
3
0
0
0
0
0
3
0
0
3
0
0
0
0
0
0
0
0
0
0
3
0
0
0
0
0
3
0
0
3
0
0
0
0
0
0
0
0
2
2
6
0
0
0
0
0
3
0
0
3
0
0
0
0
0
0
0
0
0
0
0
0
4
2
2
2
2
2
2
2
2
2
2
2
5
0
0
0
0
0
0
0
3
0
0
0
3
0
0
3
0
0
0
0
3
0
0
0
0
0
0
0
7
2
2
2
6
0
0
3
0
0
0
0
3
0
0
0
0
0
0
0
0
0
0
0
0
0
0
3
0
0
0
0
3
0
0
0
0
0
0
0
0
0
0
0
0
0
0
3
0
0
0
0
3
0
0
0
0
0
0
0
0
0
0
0
0
0
0
3
0
0
0
0
3
0
0
0
0
0
0
0
0
0
0
0
0
0
0
3
0
0
0
0
3
0
0
0
0
0
0
0
0
0
0
0
0
0
0
3
0
0
0
0
3
0
0
0
0
0
0
0
0
0
0
0
0
0
0
7
1
2
2
2
6
0
0
0
1
10
11
13
